#format: x y z [uA]
0.089727 0.965400 0.244852 0.411765
0.181097 0.967499 0.176494 0.388235
0.268833 0.957219 0.107056 0.356863
0.208407 0.977989 0.010150 0.458824
0.113352 0.990409 0.078998 0.462745
0.026789 0.989639 0.141055 0.443137
-0.065173 0.975680 0.209288 0.364706
-0.157674 0.976450 0.147260 0.533333
-0.068157 0.994491 0.079640 0.568627
0.025860 0.999638 0.007449 0.556863
0.118430 0.990949 -0.063194 0.470588
0.128910 0.967914 -0.215694 0.533333
0.034527 0.988151 -0.149553 0.505882
-0.057611 0.994758 -0.084479 0.525490
-0.148614 0.988762 -0.016251 0.478431
-0.266214 0.961994 -0.060805 0.435294
-0.270796 0.960858 -0.058502 0.400000
-0.099933 0.976527 -0.190807 0.396078
-0.009711 0.966733 -0.255603 0.450980
